1 0.049375 0.644465 0.031250 0.136961
1 0.095000 0.642589 0.032500 0.133208
1 0.150625 0.636961 0.036250 0.114447
1 0.261875 0.656660 0.036250 0.131332
1 0.399375 0.639775 0.028750 0.101313
1 0.330625 0.627580 0.031250 0.114447
1 0.302500 0.631332 0.030000 0.103189
1 0.482500 0.635084 0.027500 0.103189
1 0.534375 0.650094 0.033750 0.125704
1 0.581250 0.633208 0.030000 0.106942
1 0.643750 0.634146 0.032500 0.097561
1 0.736875 0.633208 0.041250 0.140713
1 0.927500 0.666041 0.062500 0.161351
1 0.789375 0.667917 0.046250 0.116323
